107 107 
656 12
0		105		106		 24.00.
1		106		105		 24.00.
2	 	0	 	2	 	 22.00.
3	 	2	 	0	 	 22.00.
4	 	2	 	3	 	 164.00.
5	 	4	 	3	 	 22.00.
6	 	3	 	4	 	 22.00.
7	 	6	 	3	 	 212.00.
8	 	3	 	6	 	 212.00.
9	 	6	 	5	 	 22.00.
10	 	5	 	6	 	 22.00.
11	 	8	 	5	 	 231.00.
12	 	5	 	8	 	 231.00.
13	 	10	 	7	 	 231.00.
14	 	7	 	10	 	 231.00.
15	 	10	 	9	 	 22.00.
16	 	9	 	10	 	 22.00.
17	 	12	 	9	 	 222.00.
18	 	9	 	12	 	 222.00.
19	 	12	 	11	 	 22.00.
20	 	11	 	12	 	 22.00.
21	 	14	 	11	 	 66.61.
22	 	11	 	14	 	 66.61.
23	 	17	 	13	 	 109.00.
24	 	13	 	17	 	 109.00.
25	 	16	 	15	 	 55.00.
26	 	15	 	16	 	 55.00.
27	 	19	 	18	 	 22.00.
28	 	18	 	19	 	 22.00.
29	 	20	 	17	 	 306.00.
30	 	17	 	20	 	 306.00.
31	 	21	 	18	 	 34.00.
32	 	18	 	21	 	 34.00.
33	 	23	 	20	 	 34.00.
34	 	20	 	23	 	 34.00.
35	 	23	 	22	 	 22.00.
36	 	22	 	23	 	 22.00.
37	 	25	 	24	 	 144.27.
38	 	24	 	25	 	 144.27.
39	 	26	 	25	 	 22.00.
40	 	25	 	26	 	 22.00.
41	 	27	 	23	 	 184.00.
42	 	23	 	27	 	 184.00.
43	 	29	 	25	 	 30.00.
44	 	25	 	29	 	 30.00.
45	 	31	 	27	 	 30.00.
46	 	27	 	31	 	 30.00.
47	 	31	 	30	 	 22.00.
48	 	30	 	31	 	 22.00.
49	 	35	 	31	 	 182.00.
50	 	31	 	35	 	 182.00.
51	 	35              34	 	 22.00.
52	 	34	 	35	 	 22.00.
53	 	29	 	28	 	 98.00.
54	 	28	 	29	 	 98.00.
55	 	32	 	33	 	 103.00.
56	 	33	 	32	 	 103.00.
57	 	29	 	32	 	 209.12.
58	 	32	 	29	 	 209.12.
59	 	37	 	34	 	 45.00.
60	 	34	 	37	 	 45.00.
61	 	38	 	37	 	 22.00.
62	 	37	 	38	 	 22.00.
63	 	39	 	36	 	 22.00.
64	 	36	 	39	 	 22.00.
65	 	41	 	38	 	 172.00.
66	 	38	 	41	 	 172.00.
67	 	42	 	40	 	 76.00.
68	 	40	 	42	 	 76.00.
69	 	43	 	41	 	 76.00.
70	 	41	 	43	 	 76.00.
71	 	44	 	36	 	 183.98.
72	 	36	 	44	 	 183.98.
73	 	46	 	44	 	 36.00.
74	 	44	 	46	 	 36.00.
75	 	47              45	 	 36.00.
76	 	45	 	47	 	 36.00.
77	 	50	 	49	 	 55.00.
78	 	49	 	50	 	 55.00.
79	 	48	 	47	 	 22.00.
80	 	47	 	48	 	 22.00.
81	 	52	 	48	 	 286.47.
82	 	48	 	52	 	 286.47.
83	 	53	 	51	 	 367.00.
84	 	51	 	53	 	 367.00.
85	 	54	 	53	 	 7.00.
86	 	53	 	54	 	 7.00.
87	 	55	 	54	 	 321.05.
88	 	54	 	55	 	 321.05.
89	 	60	 	59	 	 22.00.
90	 	59	 	60	 	 22.00.
91	 	58	 	60	 	 97.00.
92	 	60	 	58	 	 97.00.
93	 	56	 	57	 	 8.00.
94	 	57	 	56	 	 8.00.
95	 	61	 	56	 	 33.00.
96	 	56	 	61	 	 33.00.
97	 	64	 	61	 	 80.00.
98	 	61	 	64	 	 80.00.
99	 	64	 	63	 	 22.00.
100	 	63	 	64	 	 22.00.
101	 	66	 	63	 	 214.00.
102	 	63	 	66	 	 214.00.
103	 	68	 	65	 	 214.00.
104	 	65	 	68	 	 214.00.
105	 	68	 	67	 	 22.00.
106	 	67	 	68	 	 22.00.
107	 	70	 	67	 	 225.00.
108	 	67	 	70	 	 225.00.
109	 	70	 	69	 	 22.00.
110	 	69	 	70	 	 22.00.
111	 	72	 	69	 	 208.00.
112	 	69	 	72	 	 208.00.
113	 	71	 	74	 	 208.00.
114	 	71	 	74	 	 208.00.
115	 	74	 	73	 	 22.00.
116	 	73	 	74	 	 22.00.
117	 	76	 	73	 	 212.00.
118	 	73	 	76	 	 212.00.
119	 	76	 	75	 	 22.00.
120	 	75	 	76	 	 22.00.
121	 	78	 	75	 	 288.00.
122	 	75	 	78	 	 288.00.
123	 	81	 	77	 	 318.00.
124	 	77	 	81	 	 318.00.
125	 	80	 	79	 	 30.00.
126	 	79	 	80	 	 30.00.
127	 	78	 	83	 	 164.00.
128	 	83	 	78	 	 164.00.
129	 	85	 	81	 	 48.00.
130	 	81	 	85	 	 48.00.
131	 	84	 	82	 	 86.00.
132	 	82	 	84	 	 86.00.
133	 	88	 	85	 	 142.00.
134	 	85	 	88	 	 142.00.
135	 	87	 	84	 	 56.00.
136	 	84	 	87	 	 56.00.
137	 	88	 	87	 	 22.00.
138	 	87	 	88	 	 22.00.
139	 	90	 	87	 	 226.00.
140	 	87	 	90	 	 226.00.
141	 	90	 	89	 	 22.00.
142	 	89	 	90	 	 22.00.
143	 	92	 	89	 	 203.00.
144	 	89	 	92	 	 203.00.
145	 	94	 	91	 	 203.00.
146	 	91	 	94	 	 203.00.
147	 	94	 	93	 	 22.00.
148	 	93	 	94	 	 22.00.
149	 	96	 	93	 	 170.00.
150	 	93	 	96	 	 170.00.
151	 	96	 	95	 	 22.00.
152	 	95	 	96	 	 22.00.
153	 	100	 	96	 	 64.00.
154	 	96	 	100	 	 64.00.
155	 	98	 	99	 	 22.00.
156	 	99	 	98	 	 22.00.
157	 	102	 	100	 	 110.00.
158	 	100	 	102	 	 110.00.
159	 	103	 	101	 	 156.00.
160	 	101	 	103	 	 156.00.
161	 	104	 	102	 	 156.00.
162	 	102	 	104	 	 156.00.
163	 	104	 	106	 	 707.00.
164	        106	 	2	 	 108.98.
165	 	2	 	106	 	 108.98.
166	 	0	 	1	 	 164.00.
167	 	1	 	0	 	 164.00.
168	 	3	 	2	 	 164.00.
169	 	3	 	1	 	 22.00.
170	 	1	 	3	 	 22.00.
171	 	5	 	1	 	 212.00.
172	 	1	 	5	 	 212.00.
173	 	7	 	4	 	 212.00.
174	 	4	 	7	 	 212.00.
175	 	7	 	6	 	 22.00.
176	 	6	 	7	 	 22.00.
177	 	9	 	6	 	 231.00.
178	 	6	 	9	 	 231.00.
179	 	9	 	8	 	 22.00.
180	 	8	 	9	 	 22.00.
181	 	11	 	8	 	 222.00.
182	 	8	 	11	 	 222.00.
183	 	13	 	10	 	 222.00.
184	 	10	 	13	 	 222.00.
185	 	13	 	12	 	 22.00.
186	 	12	 	13	 	 22.00.
187	 	15	 	12	 	 54.00.
188	 	12	 	15	 	 54.00.
189	 	15	 	14	 	 61.00.
190	 	14	 	15	 	 61.00.
191	 	17	 	16	 	 22.00.
192	 	16	 	17	 	 22.00.
193	 	19	 	16	 	 306.00.
194	 	16	 	19	 	 306.00.
195	 	20	 	19	 	 22.00.
196	 	19	 	20	 	 22.00.
197	 	19	 	22	 	 34.00.
198	 	22	 	19	 	 34.00.
199	 	21	 	22	 	 22.00.
200	 	22	 	21	 	 22.00.
201	 	21	 	24	 	 155.32.
202	 	24	 	21	 	 155.32.
203	 	25	 	21	 	 184.00.
204	 	21	 	25	 	 184.00.
205	 	26	 	22	 	 184.00.
206	 	22	 	26	 	 184.00.
207	 	27	 	26	 	 22.00.
208	 	26	 	27	 	 22.00.
209	 	30	 	26	 	 30.00.
210	 	26	 	30	 	 30.00.
211	 	30	 	29	 	 22.00.
212	 	29	 	30	 	 22.00.
213	 	34	 	30	 	 182.00.
214	 	30	 	34	 	 182.00.
215	 	34	 	33	 	 22.00.
216	 	33	 	34	 	 22.00.	 	
217	 	28	 	32	 	 182.07.
218	 	32	 	28	 	 182.07.
219	 	33	 	29	 	 182.00.
220	 	29	 	33	 	 182.00.
221	 	33	 	28	 	 206.71.
222	 	28	 	33	 	 206.71.
223	 	36	 	33	 	 181.00.
224	 	33	 	36	 	 181.00.
225	 	39	 	37	 	 136.00.
226	 	37	 	39	 	 136.00.
227	 	38	 	35	 	 45.00.
228	 	35	 	38	 	 45.00.
229	 	40	 	39	 	 36.00.
230	 	39	 	40	 	 36.00.
231	 	41	 	40	 	 22.00.
232	 	40	 	41	 	 22.00.
233	 	43	 	42	 	 22.00.
234	 	42	 	43	 	 22.00.
235	 	45	 	42	 	 69.00.
236	 	42	 	45	 	 69.00.
237	 	45	 	44	 	 55.00.
238	 	46	 	47	 	 55.00.
239	 	47	 	46	 	 55.00.
240	 	44	 	45	 	 55.00.
241	 	49	 	46	 	 88.00.
242	 	46	 	49	 	 88.00.
243	 	50	 	47	 	 88.00.
244	 	47	 	50	 	 88.00.
245	 	51	 	45	 	 306.00.
246	 	45	 	51	 	 306.00.
247	 	52	 	51	 	 7.07.
248	 	51	 	52	 	 7.07.
249	 	54	 	52	 	 366.00.
250	 	52	 	54	 	 366.00.
251	 	61	 	53	 	 380.00.
252	 	53	 	61	 	 380.00.
253	 	56	 	55	 	 60.00.
254	 	55	 	56	 	 60.00.
255	 	57	 	59	 	 97.00.
256	 	59	 	57	 	 97.00.
257	 	58	 	57	 	 22.00.
258	 	57	 	58	 	 22.00.
259	 	62	 	58	 	 41.00.
260	 	58	 	62	 	 41.00.
261	 	62	 	61	 	 22.00.
262	 	61	 	62	 	 22.00.
263	 	65	 	62	 	 80.00.
264	 	62	 	65	 	 80.00.
265	 	65	 	64	 	 22.00.
266	 	64	 	65	 	 22.00.
267	 	67	 	64	 	 214.00.
268	 	64	 	67	 	 214.00.
269	 	67	 	66	 	 22.00.
270	 	66	 	67	 	 22.00.
271	 	69	 	66	 	 225.00.
272	 	66	 	69	 	 225.00.
273	 	71	 	68	 	 225.00.
274	 	68	 	71	 	 225.00.
275	 	71	 	70	 	 22.00.
276	 	70	 	71	 	 22.00.
277	 	73	 	70	 	 208.00.
278	 	70	 	73	 	 208.00.
279	 	73	 	72	 	 22.00.
280	 	72	 	73	 	 22.00.
281	 	75	 	72	 	 212.00.
282	 	72	 	75	 	 212.00.
283	 	77	 	74	 	 212.00.
284	 	74	 	77	 	 212.00.
285	 	77	 	76	 	 22.00.
286	 	76	 	77	 	 22.00.
287	 	79	 	76	 	 288.00.
288	 	76	 	79	 	 288.00.
289	 	79	 	78	 	 22.00.
290	 	78	 	79	 	 22.00.
291	 	81	 	80	 	 22.00.
292	 	80	 	81	 	 22.00.
293	 	82	 	80	 	 48.00.
294	 	80	 	82	 	 48.00.
295	 	85	 	82	 	 22.00.
296	 	82	 	85	 	 22.00.
297	 	84	 	83	 	 22.00.
298	 	83	 	84	 	 22.00.
299	 	86	 	83	 	 56.00.
300	 	83	 	86	 	 56.00.
301	 	87	 	86	 	 22.00.
302	 	86	 	87	 	 22.00.
303	 	89	 	86	 	 226.00.
304	 	86	 	89	 	 226.00.
305	 	91	 	88	 	 226.00.
306	 	88	 	91	 	 226.00.
307	 	91	 	90	 	 22.00.
308	 	90	 	91	 	 22.00.
309	 	93	 	90	 	 203.00.
310	 	90	 	93	 	 203.00.
311	 	93	 	92	 	 22.00.
312	 	92	 	93	 	 22.00.
313	 	95	 	92	 	 170.00.
314	 	92	 	95	 	 170.00.
315	 	97	 	94	 	 170.00.
316	 	94	 	97	 	 170.00.
317	 	97	 	96	 	 22.00.
318	 	96	 	97	 	 22.00.
319	 	99	 	97	 	 169.00.
320	 	97	 	99	 	 169.00.
321	 	100	 	98	 	 105.00.
322	 	98	 	100	 	 105.00.
323	 	101	 	102	 	 24.00.
324	 	102	 	101	 	 24.00.
325	 	104	 	103	 	 24.00.
326	 	103	 	104	 	 24.00.
327	 	106	 	104	 	 707.00.
328		212		213		 24.00.
329		213		212		 24.00.
330		107		109		 22.00.
331		109		107		 22.00.
332		109		110		 164.00.
333		111		110		 22.00.
334		110		111		 22.00.
335		113		110		 212.00.
336		110		113		 212.00.
337		113		112		 22.00.
338		112		113		 22.00.
339		115		112		 231.00.
340		112		115		 231.00.
341		117		114		 231.00.
342		114		117		 231.00.
343		117		116		 22.00.
344		116		117		 22.00.
345		119		116		 222.00.
346		116		119		 222.00.
347		119		118		 22.00.
348		118		119		 22.00.
349		121		118		 66.61.
350		118		121		 66.61.
351		124		120		 109.00.
352		120		124		 109.00.
353		123		122		 55.00.
354		122		123		 55.00.
355		126		125		 22.00.
356		125		126		 22.00.
357		127		124		 306.00.
358		124		127		 306.00.
359		128		125		 34.00.
360		125		128		 34.00.
361		130		127		 34.00.
362		127		130		 34.00.
363		130		129		 22.00.
364		129		130		 22.00.
365		132		131		 144.27.
366		131		132		 144.27.
367		133		132		 22.00.
368		132		133		 22.00.
369		134		130		 184.00.
370		130		134		 184.00.
371		136		132		 30.00.
372		132		136		 30.00.
373		138		134		 30.00.
374		134		138		 30.00.
375		138		137		 22.00.
376		137		138		 22.00.
377		142		138		 182.00.
378		138		142		 182.00.
379		142		141		 22.00.
380		141		142		 22.00.
381		136		135		 98.00.
382		135		136		 98.00.
383		139		140		 103.00.
384		140		139		 103.00.
385		136		139		 209.12.
386		139		136		 209.12.
387		144		141		 45.00.
388		141		144		 45.00.
389		145		144		 22.00.
390		144		145		 22.00.
391		146		143		 22.00.
392		143		146		 22.00.
393		148		145		 172.00.
394		145		148		 172.00.
395		149		147		 76.00.
396		147		149		 76.00.
397		150		148		 76.00.
398		148		150		 76.00.
399		151		143		 183.98.
400		143		151		 183.98.
401		153		151		 36.00.
402		151		153		 36.00.
403		154		152		 36.00.
404		152		154		 36.00.
405		157		156		 55.00.
406		156		157		 55.00.
407		155		154		 22.00.
408		154		155		 22.00.
409		159		155		 286.47.
410		155		159		 286.47.
411		160		158		 367.00.
412		158		160		 367.00.
413		161		160		 7.00.
414		160		161		 7.00.
415		162		161		 321.05.
416		161		162		 321.05.
417		167		166		 22.00.
418		166		167		 22.00.
419		165		167		 97.00.
420		167		165		 97.00.
421		163		164		 8.00.
422		164		163		 8.00.
423		168		163		 33.00.
424		163		168		 33.00.
425		171		168		 80.00.
426		168		171		 80.00.
427		171		170		 22.00.
428		170		171		 22.00.
429		173		170		 214.00.
430		170		173		 214.00.
431		175		172		 214.00.
432		172		175		 214.00.
433		175		174		 22.00.
434		174		175		 22.00.
435		177		174		 225.00.
436		174		177		 225.00.
437		177		176		 22.00.
438		176		177		 22.00.
439		179		176		 208.00.
440		176		179		 208.00.
441		178		181		 208.00.
442		178		181		 208.00.
443		181		180		 22.00.
444		180		181		 22.00.
445		183		180		 212.00.
446		180		183		 212.00.
447		183		182		 22.00.
448		182		183		 22.00.
449		185		182		 288.00.
450		182		185		 288.00.
451		188		184		 318.00.
452		184		188		 318.00.
453		187		186		 30.00.
454		186		187		 30.00.
455		185		190		 164.00.
456		190		185		 164.00.
457		192		188		 48.00.
458		188		192		 48.00.
459		191		189		 86.00.
460		189		191		 86.00.
461		195		192		 142.00.
462		192		195		 142.00.
463		194		191		 56.00.
464		191		194		 56.00.
465		195		194		 22.00.
466		194		195		 22.00.
467		197		194		 226.00.
468		194		197		 226.00.
469		197		196		 22.00.
470		196		197		 22.00.
471		199		196		 203.00.
472		196		199		 203.00.
473		201		198		 203.00.
474		198		201		 203.00.
475		201		200		 22.00.
476		200		201		 22.00.
477		203		200		 170.00.
478		200		203		 170.00.
479		203		202		 22.00.
480		202		203		 22.00.
481		207		203		 64.00.
482		203		207		 64.00.
483		205		206		 22.00.
484		206		205		 22.00.
485		209		207		 110.00.
486		207		209		 110.00.
487		210		208		 156.00.
488		208		210		 156.00.
489		211		209		 156.00.
490		209		211		 156.00.
491		211		213		 707.00.
492		213		109		 108.98.
493		109		213		 108.98.
494		107		108		 164.00.
495		108		107		 164.00.
496		110		109		 164.00.
497		110		108		 22.00.
498		108		110		 22.00.
499		112		108		 212.00.
500		108		112		 212.00.
501		114		111		 212.00.
502		111		114		 212.00.
503		114		113		 22.00.
504		113		114		 22.00.
505		116		113		 231.00.
506		113		116		 231.00.
507		116		115		 22.00.
508		115		116		 22.00.
509		118		115		 222.00.
510		115		118		 222.00.
511		120		117		 222.00.
512		117		120		 222.00.
513		120		119		 22.00.
514		119		120		 22.00.
515		122		119		 54.00.
516		119		122		 54.00.
517		122		121		 61.00.
518		121		122		 61.00.
519		124		123		 22.00.
520		123		124		 22.00.
521		126		123		 306.00.
522		123		126		 306.00.
523		127		126		 22.00.
524		126		127		 22.00.
525		126		129		 34.00.
526		129		126		 34.00.
527		128		129		 22.00.
528		129		128		 22.00.
529		128		131		 155.32.
530		131		128		 155.32.
531		132		128		 184.00.
532		128		132		 184.00.
533		133		129		 184.00.
534		129		133		 184.00.
535		134		133		 22.00.
536		133		134		 22.00.
537		137		133		 30.00.
538		133		137		 30.00.
539		137		136		 22.00.
540		136		137		 22.00.
541		141		137		 182.00.
542		137		141		 182.00.
543		141		140		 22.00.
544		140		141		 22.00.
545		135		139		 182.07.
546		139		135		 182.07.
547		140		136		 182.00.
548		136		140		 182.00.
549		140		135		 206.71.
550		135		140		 206.71.
551		143		140		 181.00.
552		140		143		 181.00.
553		146		144		 136.00.
554		144		146		 136.00.
555		145		142		 45.00.
556		142		145		 45.00.
557		147		146		 36.00.
558		146		147		 36.00.
559		148		147		 22.00.
560		147		148		 22.00.
561		150		149		 22.00.
562		149		150		 22.00.
563		152		149		 69.00.
564		149		152		 69.00.
565		152		151		 55.00.
566		153		154		 55.00.
567		154		153		 55.00.
568		151		152		 55.00.
569		156		153		 88.00.
570		153		156		 88.00.
571		157		154		 88.00.
572		154		157		 88.00.
573		158		152		 306.00.
574		152		158		 306.00.
575		159		158		 7.07.
576		158		159		 7.07.
577		161		159		 366.00.
578		159		161		 366.00.
579		168		160		 380.00.
580		160		168		 380.00.
581		163		162		 60.00.
582		162		163		 60.00.
583		164		166		 97.00.
584		166		164		 97.00.
585		165		164		 22.00.
586		164		165		 22.00.
587		169		165		 41.00.
588		165		169		 41.00.
589		169		168		 22.00.
590		168		169		 22.00.
591		172		169		 80.00.
592		169		172		 80.00.
593		172		171		 22.00.
594		171		172		 22.00.
595		174		171		 214.00.
596		171		174		 214.00.
597		174		173		 22.00.
598		173		174		 22.00.
599		176		173		 225.00.
600		173		176		 225.00.
601		178		175		 225.00.
602		175		178		 225.00.
603		178		177		 22.00.
604		177		178		 22.00.
605		180		177		 208.00.
606		177		180		 208.00.
607		180		179		 22.00.
608		179		180		 22.00.
609		182		179		 212.00.
610		179		182		 212.00.
611		184		181		 212.00.
612		181		184		 212.00.
613		184		183		 22.00.
614		183		184		 22.00.
615		186		183		 288.00.
616		183		186		 288.00.
617		186		185		 22.00.
618		185		186		 22.00.
619		188		187		 22.00.
620		187		188		 22.00.
621		189		187		 48.00.
622		187		189		 48.00.
623		192		189		 22.00.
624		189		192		 22.00.
625		191		190		 22.00.
626		190		191		 22.00.
627		193		190		 56.00.
628		190		193		 56.00.
629		194		193		 22.00.
630		193		194		 22.00.
631		196		193		 226.00.
632		193		196		 226.00.
633		198		195		 226.00.
634		195		198		 226.00.
635		198		197		 22.00.
636		197		198		 22.00.
637		200		197		 203.00.
638		197		200		 203.00.
639		200		199		 22.00.
640		199		200		 22.00.
641		202		199		 170.00.
642		199		202		 170.00.
643		204		201		 170.00.
644		201		204		 170.00.
645		204		203		 22.00.
646		203		204		 22.00.
647		206		204		 169.00.
648		204		206		 169.00.
649		207		205		 105.00.
650		205		207		 105.00.
651		208		209		 24.00.
652		209		208		 24.00.
653		211		210		 24.00.
654		210		211		 24.00.
655		213		211		 707.00.
0   440  411  0 1 D8A
1   440  575  0 1 D8B
2   462  411  0 1 T1
3   462  575  0 1 T2
4   484  575  0 1 D9
5   440  787  0 1 D6
6   462  787  0 1 T3
7   484  787  0 1 D7
8   440  1018 0 1 D4
9   462  1018 0 1 T4
10  484  1018 0 1 D5
11  440  1240 0 1 D2
12  462  1240 0 1 T5
13  484  1240 0 1 D3
14  401  1294 0 1 D1
15  462  1294 0 1 T6
16  462  1349 0 1 T7
17  484  1349 1 1 DZ
18  440  1655 0 1 B1
19  462  1655 0 1 T8
20  484  1655 0 1 B2
21  440  1689 0 1 B3B
22  462  1689 0 1 T9
23  484  1689 0 1 B4A
24  322  1790 0 1 B3A
25  440  1873 0 1 B3C
26  462  1873 0 1 T10
27  484  1873 0 1 B4B
28  342  1903 0 1 B5B
29  440  1903 0 1 B5C
30  462  1903 0 1 T11
31  484  1903 1 1 B6A
32  337  2085 0 1 B5A
33  440  2085 0 1 B5D
34  462  2085 0 1 T12
35  484  2085 0 1 B6B
36  440  2266 0 1 B7
37  462  2130 0 1 T13
38  484  2130 0 1 B8
39  462  2266 0 1 T14
40  462  2302 0 1 T15
41  484  2302 0 1 B9
42  462  2378 0 1 T16
43  484  2378 0 1 B10
44  407  2447 0 1 B11
45  462  2447 0 1 T17
46  407  2483 0 1 B12
47  462  2483 0 1 T18
48  484  2483 1 1 E1
49  407  2571 0 1 B13
50  462  2571 0 1 T19
51  768  2447 0 1 T20
52  769  2454 0 1 E2
53  1135 2447 0 1 T21
54  1135 2454 0 1 E3
55  1455 2480 1 1 E4
56  1515 2480 0 1 T23
57  1515 2488 0 1 T24
58  1537 2488 0 1 A2
59  1515 2585 0 1 T25
60  1537 2585 0 1 A1
61  1515 2447 0 1 T22
62  1537 2447 0 1 A3
63  1493 2367 0 1 A5
64  1515 2367 0 1 T26
65  1537 2367 0 1 A4
66  1493 2153 0 1 A7
67  1515 2153 0 1 T27
68  1537 2153 0 1 A6
69  1493 1928 0 1 A13
70  1515 1928 0 1 T28
71  1537 1928 0 1 A12
72  1493 1720 0 1 A9
73  1515 1720 0 1 T29
74  1537 1720 0 1 A8
75  1493 1508 1 1 A11
76  1515 1508 0 1 T30
77  1537 1508 0 1 A10
78  1493 1220 0 1 C2B
79  1515 1220 0 1 T31
80  1515 1190 0 1 T32
81  1537 1190 0 1 C1
82  1515 1142 0 1 T33
83  1493 1056 0 1 C2A
84  1515 1056 0 1 T34
85  1537 1142 0 1 C3
86  1493 1000 0 1 C4
87  1515 1000 0 1 T35
88  1537 1000 0 1 C5
89  1493 774  0 1 C6
90  1515 774  0 1 T36
91  1537 774  0 1 C7
92  1493 571  0 1 C8B
93  1515 571  0 1 T37
94  1537 571  0 1 C9B
95  1493 401  0 1 C8A
96  1515 401  0 1 T38
97  1537 401  0 1 C9A
98  1515 232  0 1 T40
99  1537 232  0 1 C10
100 1515 337  0 1 T39
101 1405 313  1 1 E5
102 1405 337  0 1 T41
103 1249 313  0 1 E6
104 1249 337  0 1 T42
105 542  313  0 1 E7
106 542  337 0 1 T43
107	   440  411  0 2 D8A
108	  440  575  0 2 D8B
109	   462  411  0 2 T1
110	   462  575  0 2 T2
111	   484  575  0 2 D9
112	   440  787  0 2 D6
113	   462  787  0 2 T3
114	   484  787  0 2 D7
115	   440  1018 0 2 D4
116	   462  1018 0 2 T4
117	  484  1018 0 2 D5
118	  440  1240 0 2 D2
119	  462  1240 0 2 T5
120	  484  1240 0 2 D3
121	  401  1294 0 2 D1
122	  462  1294 0 2 T6
123	  462  1349 0 2 T7
124	  484  1349 1 2 DZ
125	  440  1655 0 2 B1
126	  462  1655 0 2 T8
127	  484  1655 0 2 B2
128	  440  1689 0 2 B3B
129	  462  1689 0 2 T9
130	  484  1689 0 2 B4A
131	  322  1790 0 2 B3A
132	  440  1873 0 2 B3C
133	  462  1873 0 2 T10
134	  484  1873 0 2 B4B
135	  342  1903 0 2 B5B
136	  440  1903 0 2 B5C
137	  462  1903 0 2 T11
138	  484  1903 1 2 B6A
139	  337  2085 0 2 B5A
140	  440  2085 0 2 B5D
141	  462  2085 0 2 T12
142	  484  2085 0 2 B6B
143	  440  2266 0 2 B7
144	  462  2130 0 2 T13
145	  484  2130 0 2 B8
146	  462  2266 0 2 T14
147	  462  2302 0 2 T15
148	  484  2302 0 2 B9
149	  462  2378 0 2 T16
150	  484  2378 0 2 B10
151	  407  2447 0 2 B11
152	  462  2447 0 2 T17
153	  407  2483 0 2 B12
154	  462  2483 0 2 T18
155	  484  2483 1 2 E1
156	  407  2571 0 2 B13
157	  462  2571 0 2 T19
158	  768  2447 0 2 T20
159	  769  2454 0 2 E2
160	  1135 2447 0 2 T21
161	  1135 2454 0 2 E3
162	  1455 2480 1 2 E4
163	  1515 2480 0 2 T23
164	  1515 2488 0 2 T24
165	  1537 2488 0 2 A2
166	  1515 2585 0 2 T25
167	  1537 2585 0 2 A1
168	  1515 2447 0 2 T22
169	  1537 2447 0 2 A3
170	  1493 2367 0 2 A5
171	  1515 2367 0 2 T26
172	  1537 2367 0 2 A4
173	  1493 2153 0 2 A7
174	  1515 2153 0 2 T27
175	  1537 2153 0 2 A6
176	  1493 1928 0 2 A13
177	  1515 1928 0 2 T28
178	  1537 1928 0 2 A12
179	  1493 1720 0 2 A9
180	  1515 1720 0 2 T29
181	  1537 1720 0 2 A8
182	  1493 1508 1 2 A11
183	  1515 1508 0 2 T30
184	  1537 1508 0 2 A10
185	  1493 1220 0 2 C2B
186	  1515 1220 0 2 T31
187	  1515 1190 0 2 T32
188	  1537 1190 0 2 C1
189	  1515 1142 0 2 T33
190	  1493 1056 0 2 C2A
191	  1515 1056 0 2 T34
192	  1537 1142 0 2 C3
193	  1493 1000 0 2 C4
194	  1515 1000 0 2 T35
195	  1537 1000 0 2 C5
196	  1493 774  0 2 C6
197	  1515 774  0 2 T36
198	  1537 774  0 2 C7
199	  1493 571  0 2 C8B
200	  1515 571  0 2 T37
201	  1537 571  0 2 C9B
202	  1493 401  0 2 C8A
203	  1515 401  0 2 T38
204	  1537 401  0 2 C9A
205	  1515 232  0 2 T40
206	  1537 232  0 2 C10
207	  1515 337  0 2 T39
208	  1405 313  1 2 E5
209	  1405 337  0 2 T41
210	  1249 313  0 2 E6
211	  1249 337  0 2 T42
212	  542  313  0 2 E7
213	  542  337  0 2 T43
17  484  1349  1 DZ    
31  484  1903  1 B6A
48  484  2483  1 E1
55  1455 2480  1 E4
75  1493 1508  1 A11
101 1405 313   1 E5
124 484  1349  2 DZ
138 484  1903  2 B6A
155 484  2483  2 E1
162 1455 2480  2 E4
182 1493 1508  2 A11
208 1405 313   2 E5
